name: bluebottle
channels:
  - conda-forge
  - defaults
dependencies:
  - asttokens=3.0.0=pyhd8ed1ab_1
  - bzip2=1.0.8=h2bbff1b_6
  - ca-certificates=2025.10.5=h4c7d964_0
  - colorama=0.4.6=pyhd8ed1ab_1
  - comm=0.2.3=pyhe01879c_0
  - cpython=3.10.18=py310hd8ed1ab_0
  - cudatoolkit=11.2.2=h7d7167e_13
  - cudnn=8.1.0.77=h3e0f4f4_0
  - debugpy=1.8.17=py310h699e580_0
  - decorator=5.2.1=pyhd8ed1ab_0
  - exceptiongroup=1.3.0=pyhd8ed1ab_0
  - executing=2.2.1=pyhd8ed1ab_0
  - expat=2.7.1=h8ddb27b_0
  - importlib-metadata=8.7.0=pyhe01879c_1
  - ipykernel=6.30.1=pyh3521513_0
  - ipython=8.37.0=pyha7b4d00_0
  - jedi=0.19.2=pyhd8ed1ab_1
  - jupyter_client=8.6.3=pyhd8ed1ab_1
  - jupyter_core=5.8.1=pyh5737063_0
  - krb5=1.21.3=hdf4eb48_0
  - libffi=3.4.4=hd77b12b_1
  - libsodium=1.0.20=hc70643c_0
  - libzlib=1.3.1=h02ab6af_0
  - matplotlib-inline=0.1.7=pyhd8ed1ab_1
  - nest-asyncio=1.6.0=pyhd8ed1ab_1
  - openssl=3.5.4=h725018a_0
  - packaging=25.0=pyh29332c3_1
  - parso=0.8.5=pyhcf101f3_0
  - pickleshare=0.7.5=pyhd8ed1ab_1004
  - pip=25.2=pyhc872135_0
  - platformdirs=4.4.0=pyhcf101f3_0
  - prompt-toolkit=3.0.52=pyha770c72_0
  - psutil=7.1.0=py310h29418f3_0
  - pure_eval=0.2.3=pyhd8ed1ab_1
  - pygments=2.19.2=pyhd8ed1ab_0
  - python=3.10.18=h981015d_0
  - python-dateutil=2.9.0.post0=pyhe01879c_2
  - python_abi=3.10=2_cp310
  - pywin32=311=py310h282bd7d_1
  - pyzmq=27.1.0=py310h535538e_0
  - setuptools=78.1.1=py310haa95532_0
  - six=1.17.0=pyhe01879c_1
  - sqlite=3.50.2=hda9a48d_1
  - stack_data=0.6.3=pyhd8ed1ab_1
  - tk=8.6.15=hf199647_0
  - tornado=6.5.2=py310h29418f3_1
  - traitlets=5.14.3=pyhd8ed1ab_1
  - typing_extensions=4.15.0=pyhcf101f3_0
  - ucrt=10.0.22621.0=haa95532_0
  - vc=14.3=h2df5915_10
  - vc14_runtime=14.44.35208=h4927774_10
  - vs2015_runtime=14.44.35208=ha6b5a95_10
  - wcwidth=0.2.14=pyhd8ed1ab_0
  - wheel=0.45.1=py310haa95532_0
  - xz=5.6.4=h4754444_1
  - zeromq=4.3.5=h5bddc39_9
  - zipp=3.23.0=pyhd8ed1ab_0
  - zlib=1.3.1=h02ab6af_0
  - pip:
      - absl-py==2.3.1
      - astunparse==1.6.3
      - cachetools==6.2.0
      - cartopy==0.25.0
      - certifi==2025.8.3
      - charset-normalizer==3.4.3
      - choreographer==1.1.1
      - contourpy==1.3.2
      - cycler==0.12.1
      - flatbuffers==25.9.23
      - fonttools==4.60.0
      - gast==0.4.0
      - google-auth==2.41.1
      - google-auth-oauthlib==0.4.6
      - google-pasta==0.2.0
      - grpcio==1.75.1
      - h5py==3.14.0
      - idna==3.10
      - iniconfig==2.1.0
      - joblib==1.5.2
      - kaleido==1.1.0
      - keras==2.10.0
      - keras-preprocessing==1.1.2
      - kiwisolver==1.4.9
      - libclang==18.1.1
      - logistro==1.1.0
      - markdown==3.9
      - markupsafe==3.0.3
      - matplotlib==3.10.6
      - narwhals==2.5.0
      - numpy==1.26.4
      - oauthlib==3.3.1
      - opencv-python==4.11.0.86
      - opt-einsum==3.4.0
      - orjson==3.11.3
      - pandas==2.3.2
      - pillow==11.3.0
      - plotly==6.3.0
      - pluggy==1.6.0
      - protobuf==3.19.6
      - pyasn1==0.6.1
      - pyasn1-modules==0.4.2
      - pyparsing==3.2.5
      - pyproj==3.7.1
      - pyshp==2.3.1
      - pytest==8.4.2
      - pytest-timeout==2.4.0
      - pytz==2025.2
      - requests==2.32.5
      - requests-oauthlib==2.0.0
      - rsa==4.9.1
      - scikit-learn==1.7.2
      - scipy==1.15.3
      - seaborn==0.13.2
      - shapely==2.1.2
      - simplejson==3.20.2
      - tensorboard==2.10.1
      - tensorboard-data-server==0.6.1
      - tensorboard-plugin-wit==1.8.1
      - tensorflow==2.10.1
      - tensorflow-estimator==2.10.0
      - tensorflow-io-gcs-filesystem==0.31.0
      - termcolor==3.1.0
      - threadpoolctl==3.6.0
      - tomli==2.2.1
      - tzdata==2025.2
      - urllib3==2.5.0
      - werkzeug==3.1.3
      - wrapt==1.17.3
      - xarray==2025.6.1
prefix: C:\Users\VJ\anaconda3\envs\bluebottle
